language_id,project_id
1,1
1,2
1,3
1,4
1,5
1,6
1,7
1,8
1,9
2,10
2,2
2,8
3,7
4,2
4,11
4,7
5,7
7,2
7,7
8,2
8,9
9,10
10,12
11,9
12,13
12,12
12,14
13,9
14,1
14,15
15,12
15,11
16,16
16,5
16,11
18,1
18,2
18,3
19,1
19,13
19,2
19,3
19,17
19,5
19,12
19,11
20,13
20,2
20,12
20,18
21,13
21,12
21,19
21,20
21,9
23,13
23,12
24,12
25,15
26,1
26,13
26,2
26,17
26,21
26,5
26,12
26,11
26,9
27,10
27,2
28,2
28,3
28,5
28,22
30,13
30,12
31,5
31,9
32,3
32,23
32,24
32,21
32,5
32,11
32,2
32,25
32,26
32,27
32,12
32,19
32,28
32,29
32,30
32,9
32,31
32,32
32,1
32,13
32,33
32,20
32,34
32,35
32,17
33,33
34,1
34,5
34,9
35,13
35,19
35,36
36,10
36,2
36,9
37,2
37,3
37,28
37,7
38,37
38,10
38,38
38,1
38,13
38,3
38,33
38,23
38,5
38,16
38,39
38,40
38,11
38,41
38,2
38,27
38,12
38,19
38,28
38,42
38,7
38,31
38,9
39,19
39,11
40,2
40,3
40,5
40,12
40,18
40,28
40,11
40,7
40,9
41,10
41,43
41,44
41,11
41,45
42,10
42,45
43,1
43,2
43,13
43,3
43,24
43,5
43,22
43,7
43,30
43,9
44,10
44,19
45,2
45,9
45,45
47,2
47,46
48,10
48,1
48,13
48,3
48,5
48,22
48,11
48,2
48,17
48,12
48,19
48,7
48,9
49,47
49,10
49,1
49,2
49,3
49,21
49,5
49,19
49,34
49,7
49,9
50,19
51,1
51,2
51,48
51,3
51,19
52,41
52,7
53,3
53,24
53,21
53,5
53,22
53,11
53,49
53,2
53,50
53,26
53,12
53,28
53,19
53,29
53,51
53,52
53,30
53,53
53,9
53,10
53,32
53,1
53,13
53,54
53,34
53,35
53,55
53,56
53,17
53,44
53,57
53,58
53,59
54,10
54,2
54,13
55,37
55,3
55,60
55,23
55,5
55,18
55,11
55,61
55,62
55,2
55,43
55,27
55,12
55,28
55,42
55,29
55,30
55,9
55,45
55,47
55,10
55,32
55,13
55,1
55,63
55,64
55,65
55,66
55,17
55,67
55,58
55,68
56,2
56,1
56,3
56,64
56,28
56,7
56,9
57,12
58,2
58,9
59,69
59,1
59,70
59,2
59,3
59,5
59,12
59,9
60,37
60,3
60,60
60,5
60,22
60,18
60,11
60,41
60,2
60,43
60,27
60,12
60,42
60,19
60,28
60,7
60,9
60,45
60,31
60,10
60,32
60,1
60,33
60,16
60,65
60,34
60,8
60,71
60,58
61,47
61,13
61,2
61,12
61,11
61,7
62,13
62,2
62,12
62,11
62,7
63,13
63,11
64,12
65,13
65,12
65,11
66,13
66,11
67,13
67,12
68,2
68,65
69,13
69,2
69,12
69,9
70,12
71,2
71,65
72,2
72,65
73,2
73,9
74,12
75,12
76,13
76,12
76,11
76,7
77,10
77,2
77,1
77,3
77,5
77,22
78,7
79,7
80,7
81,10
81,65
82,10
82,2
82,72
82,8
82,45
83,2
83,65
84,2
84,65
84,7
85,7
86,65
88,2
88,65
88,7
89,65
89,7
90,10
90,65
91,7
92,2
92,65
92,12
92,11
92,7
92,9
93,10
93,2
93,13
93,65
93,5
93,11
93,7
93,45
94,65
95,10
95,2
95,48
95,65
95,6
95,11
95,7
95,9
95,45
96,65
100,10
100,65
101,65
102,13
102,12
102,11
103,7
104,10
104,2
104,43
104,65
104,12
104,44
104,11
104,9
104,45
105,2
105,65
105,7
106,65
106,7
107,2
107,3
107,71
107,7
108,2
108,7
108,9
109,2
109,17
109,5
109,18
109,73
109,7
110,2
110,7
111,13
111,70
111,2
111,12
111,7
115,2
115,7
116,2
116,7
117,3
118,12
119,10
120,7
121,7
122,70
122,2
122,5
123,70
123,12
124,37
125,2
125,74
125,11
125,7
126,13
126,2
126,12
126,11
126,7
127,3
127,28
127,7
128,7
129,1
129,3
129,28
130,37
130,3
130,75
130,5
130,41
130,49
130,2
130,43
130,50
130,26
130,76
130,77
130,28
130,19
130,51
130,7
130,31
130,47
130,10
130,1
130,13
130,39
130,34
130,20
130,78
130,79
130,71
130,80
131,2
131,7
133,2
133,26
133,28
133,67
134,28
134,7
136,13
136,12
136,11
136,7
137,81
137,13
137,2
137,5
137,12
137,11
137,9
138,13
138,2
138,12
138,19
138,11
138,34
138,9
139,81
139,13
139,2
139,12
139,11
139,36
139,9
140,82
140,9
141,9
143,13
143,5
143,12
143,19
143,11
144,2
144,9
145,9
146,13
146,83
146,12
146,11
146,9
149,9
151,13
151,2
151,12
151,19
151,11
151,84
151,9
153,13
153,12
153,11
154,2
154,19
154,9
155,13
155,2
155,16
155,12
155,9
156,12
156,9
157,12
157,9
158,9
159,9
160,12
160,9
161,10
161,2
161,12
161,28
161,34
161,9
165,12
166,12
166,9
167,13
167,12
167,11
168,12
168,11
169,13
169,12
169,19
169,36
170,13
170,12
170,19
170,11
171,13
171,2
171,12
171,11
172,2
172,12
172,11
173,13
173,12
173,19
173,11
174,13
174,12
174,19
174,11
175,2
175,12
175,11
176,85
176,12
176,11
177,13
177,19
177,11
178,13
178,12
178,19
178,11
179,69
179,12
179,11
180,12
180,11
181,12
181,11
181,20
182,12
182,11
183,12
183,11
184,12
184,11
184,20
185,2
185,12
185,11
185,20
186,12
186,20
186,11
187,13
187,12
187,11
188,13
188,12
188,11
189,12
189,20
190,13
190,12
190,11
191,12
191,11
193,12
193,11
194,2
194,12
194,11
195,13
195,12
195,11
196,12
196,11
197,13
197,12
197,11
198,13
198,12
198,36
198,11
201,13
201,12
201,36
201,11
202,13
202,12
202,11
202,7
203,13
203,2
203,17
203,12
203,19
203,11
203,36
204,2
204,17
205,13
205,12
205,11
206,13
206,12
206,19
208,13
208,12
209,13
209,12
210,12
211,12
212,12
213,12
214,13
214,86
214,12
215,2
215,12
215,36
219,87
219,2
219,88
220,7
221,2
221,13
221,12
221,19
221,11
221,89
222,2
222,12
222,7
223,13
223,12
223,11
224,2
224,12
224,7
225,13
225,12
225,19
225,11
225,36
226,2
226,13
226,17
226,12
226,11
227,12
228,12
228,7
229,13
229,12
229,19
229,11
229,36
229,9
231,13
231,2
231,12
231,11
233,13
233,12
233,19
233,36
233,11
234,13
234,12
235,69
235,13
235,2
235,12
235,11
236,12
237,12
238,12
239,2
240,12
241,12
243,13
243,2
243,12
243,11
243,15
244,2
244,12
246,12
247,2
247,70
247,12
247,11
247,15
248,10
248,12
249,2
249,13
249,12
249,36
249,11
250,69
250,13
250,2
250,12
250,11
251,69
251,2
251,12
252,12
252,11
253,13
253,5
253,12
253,11
254,12
254,11
255,12
255,11
257,13
257,12
257,7
258,13
258,2
258,12
258,90
258,11
259,12
259,11
260,12
261,12
261,90
261,11
262,12
263,12
264,13
264,90
264,12
264,11
265,12
266,13
266,2
266,12
266,11
267,13
267,12
267,91
267,11
268,90
268,12
268,11
269,12
269,11
270,69
270,2
270,12
271,12
271,11
273,12
274,13
274,12
274,11
276,13
276,12
276,11
277,13
277,12
277,11
279,12
281,7
283,7
284,2
284,7
286,7
288,7
289,1
289,3
289,28
290,7
291,12
291,7
292,2
293,10
294,7
295,7
296,10
296,13
296,2
296,11
296,8
297,7
298,12
298,7
299,7
300,13
300,7
301,12
301,19
302,7
305,10
305,2
305,65
305,12
305,9
308,13
308,70
308,12
308,7
310,11
310,7
310,73
311,7
312,7
313,7
314,7
315,7
315,73
316,12
317,7
318,7
318,73
319,7
320,2
320,11
320,7
321,7
322,2
322,7
323,7
324,12
324,7
325,7
326,12
326,11
326,7
327,7
328,7
329,7
330,2
330,7
331,12
331,7
332,2
332,13
332,11
332,7
333,2
333,7
333,73
334,7
335,7
336,12
336,7
337,7
338,7
339,7
340,32
340,13
340,70
340,12
340,11
340,7
341,7
342,7
343,7
344,7
345,7
346,7
347,7
348,7
349,7
350,7
351,7
352,12
352,7
353,7
354,7
355,7
356,12
356,7
357,7
358,7
359,7
360,7
361,7
362,7
363,7
364,7
366,7
367,7
369,11
369,7
370,2
370,12
371,32
371,1
371,3
371,75
371,5
371,88
371,22
371,39
371,34
371,11
371,78
371,49
371,2
371,17
371,26
371,28
371,29
371,92
371,30
371,93
371,94
371,31
372,2
372,1
372,3
372,60
372,28
372,9
373,3
373,75
373,60
373,5
373,88
373,22
373,11
373,89
373,2
373,95
373,26
373,96
373,28
373,19
373,29
373,97
373,30
373,9
373,10
373,32
373,1
373,16
373,34
373,20
373,78
373,8
373,98
373,55
373,56
373,17
373,92
373,80
373,58
373,59
374,5
374,12
374,31
375,5
375,12
376,1
376,3
376,5
376,9
377,1
377,2
377,3
377,99
377,5
377,28
377,34
377,30
377,9
378,1
378,3
378,60
378,54
378,5
378,22
378,11
378,34
378,78
378,2
378,12
378,29
378,30
378,9
378,59
379,2
380,12
381,3
381,60
382,37
382,3
382,100
382,2
382,26
382,27
382,12
382,28
382,19
382,42
382,51
382,30
382,9
382,31
382,10
382,1
382,13
382,65
382,101
382,34
382,20
382,78
382,55
382,102
382,80
382,103
384,5
384,12
385,2
385,3
386,12
387,7
388,5
388,12
389,2
389,12
389,34
389,7
389,9
390,87
390,75
390,24
390,21
390,22
390,18
390,40
390,11
390,104
390,62
390,49
390,25
390,27
390,42
390,29
390,30
390,9
390,105
390,32
390,63
390,64
390,106
390,34
390,36
390,8
390,107
390,102
390,80
390,68
390,37
390,3
390,5
390,108
390,109
390,2
390,95
390,26
390,12
390,19
390,28
390,6
390,7
390,31
390,110
390,10
390,1
390,16
390,39
390,20
390,78
390,56
390,92
390,58
390,111
390,103
391,2
391,12
392,10
392,1
392,3
392,63
392,24
392,21
392,5
392,108
392,22
392,18
392,34
392,78
392,112
392,2
392,28
392,102
392,29
392,7
392,9
393,2
393,50
393,5
394,87
394,3
394,75
394,60
394,24
394,21
394,5
394,108
394,22
394,18
394,40
394,11
394,62
394,49
394,2
394,26
394,12
394,28
394,19
394,42
394,6
394,29
394,7
394,30
394,9
394,31
394,105
394,10
394,32
394,1
394,63
394,106
394,39
394,34
394,78
394,80
394,103
394,59
395,2
395,12
395,11
396,13
396,5
396,12
396,11
397,7
398,5
398,12
399,3
399,12
400,9
401,13
401,12
401,11
402,9
403,19
404,7
405,9
406,12
407,70
407,13
407,12
407,11
408,9
409,2
410,10
411,2
411,9
412,9
413,9
414,13
414,70
414,12
414,11
415,2
415,12
416,10
417,13
417,70
417,2
417,12
419,9
420,9
421,9
422,2
422,113
422,7
422,9
423,10
423,13
424,10
424,2
424,17
425,70
426,9
427,7
428,70
428,12
429,1
429,2
429,3
429,9
430,10
430,12
430,9
431,2
431,3
431,26
432,10
432,12
432,7
433,10
433,2
433,12
433,61
434,1
434,2
435,10
435,13
435,65
435,5
435,11
435,20
435,61
435,114
435,115
435,2
435,17
435,116
435,12
435,29
435,7
435,9
436,10
436,2
436,20
437,37
437,10
437,2
437,71
437,20
438,1
438,2
438,3
438,26
438,21
438,5
438,22
438,34
438,9
439,1
439,2
439,55
439,3
439,12
439,28
439,34
439,30
440,10
440,1
440,13
440,3
440,5
440,22
440,34
440,11
440,20
440,49
440,2
440,17
440,12
440,92
440,117
440,9
441,10
441,2
441,17
441,11
441,20
441,82
442,37
442,17
442,11
442,118
442,58
443,1
443,2
443,3
443,34
444,10
444,13
444,2
444,17
444,12
444,11
445,2
445,13
445,1
445,3
445,88
445,5
445,54
445,34
445,29
445,36
445,9
446,10
446,13
446,5
446,20
446,11
446,34
446,61
446,114
446,2
446,12
446,19
446,29
446,7
446,9
447,10
447,13
447,2
447,17
447,44
447,11
447,20
448,10
448,13
448,2
448,65
448,12
448,119
448,11
448,20
448,61
449,10
449,13
450,10
450,2
450,11
451,10
452,37
452,10
452,7
452,9
453,120
453,10
453,1
453,2
453,3
454,10
454,2
455,32
455,1
455,3
455,24
455,21
455,5
455,22
455,39
455,34
455,49
455,2
455,26
455,6
455,19
455,58
455,9
455,59
456,10
456,13
456,65
456,121
456,122
456,20
456,11
456,61
456,114
456,8
456,2
456,17
456,12
456,80
456,7
456,9
457,10
457,2
457,17
457,12
457,20
457,11
457,9
457,89
458,10
458,2
458,13
458,61
459,10
459,2
459,13
459,12
459,44
459,11
459,36
459,61
460,19
461,5
461,12
461,11
462,5
462,12
462,11
463,1
463,2
463,13
463,3
463,12
463,11
463,9
464,13
464,12
464,19
465,5
465,12
466,19
467,70
467,13
467,5
467,12
467,11
468,13
468,12
468,19
469,13
469,12
469,19
470,69
470,13
470,12
470,11
471,19
472,19
473,12
473,41
474,13
474,12
474,11
474,9
475,12
476,12
477,13
477,12
477,11
478,19
479,19
480,13
480,5
480,12
481,13
481,12
481,19
482,13
482,2
482,5
482,12
482,19
483,13
483,12
483,19
484,13
484,12
484,19
485,19
486,1
486,2
486,13
486,56
486,12
486,19
487,5
487,12
488,5
488,12
489,5
489,12
490,87
490,9
491,47
491,2
491,3
491,5
491,18
491,71
491,30
492,87
492,2
492,5
492,18
492,9
493,2
493,3
494,2
494,5
494,9
495,2
495,9
496,18
497,70
497,13
497,12
497,11
497,9
498,2
498,19
498,9
499,2
499,18
499,11
499,9
500,2
500,9
501,47
501,2
501,9
502,2
502,3
502,5
502,18
502,8
503,2
503,18
503,29
504,18
505,18
506,18
509,47
509,13
509,2
509,5
509,12
509,11
510,18
511,13
511,5
511,18
513,2
513,5
513,18
514,87
514,2
514,5
514,18
515,5
515,18
516,18
517,2
518,2
518,5
518,18
519,13
519,2
519,5
519,12
519,11
520,13
520,5
520,12
520,11
520,7
521,13
521,5
521,11
521,7
522,13
522,7
523,13
523,7
525,12
526,12
527,12
528,7
530,12
531,13
531,11
531,7
532,13
532,12
533,13
533,2
533,12
533,11
534,7
535,12
536,12
536,7
537,13
537,11
538,13
538,12
539,12
539,19
539,7
540,12
540,19
540,7
542,12
544,7
546,13
546,12
546,7
547,13
547,12
547,11
547,7
548,13
548,12
549,12
549,7
550,13
550,12
550,7
551,13
551,2
551,12
551,11
551,7
552,13
552,12
553,13
553,12
553,11
554,13
554,7
556,12
557,13
557,12
557,11
558,70
558,13
558,2
558,12
558,11
559,13
559,12
559,11
560,13
560,2
560,12
560,11
561,69
561,2
561,12
562,12
563,13
563,12
564,13
564,12
564,11
565,12
565,11
566,13
566,12
566,11
567,12
567,11
568,13
568,12
568,11
569,13
569,12
569,11
570,12
571,12
572,12
572,9
573,13
573,2
573,12
574,13
574,12
575,13
575,12
575,11
576,12
576,11
577,12
578,13
578,12
578,11
579,12
580,13
580,12
580,11
581,12
581,11
583,13
583,2
583,12
583,11
585,1
585,2
585,3
585,101
585,34
585,41
587,1
587,3
587,12
587,19
587,28
587,9
588,1
588,13
588,2
588,3
588,16
588,19
588,34
588,9
589,1
589,2
589,19
589,34
589,9
590,13
590,12
591,10
591,2
591,44
592,19
592,31
592,9
593,2
593,42
594,2
594,42
594,34
595,1
595,13
595,2
595,3
595,50
595,12
595,19
595,20
597,28
598,1
598,3
599,9
600,2
600,3
600,5
600,34
602,9
604,10
604,1
604,13
604,3
604,34
604,20
604,2
604,43
604,12
604,19
604,28
604,7
604,123
604,9
605,13
605,1
605,3
605,12
605,7
606,13
606,19
607,13
607,2
607,12
608,7
609,9
610,9
611,12
612,12
613,1
613,12
613,9
614,16
614,9
615,2
615,11
615,7
616,7
617,7
618,7
619,7
620,7
621,7
622,7
622,9
623,7
624,7
625,7
626,7
627,7
628,7
629,13
629,11
629,7
630,2
630,7
631,7
632,7
633,7
634,7
635,7
636,7
637,7
638,7
640,2
640,3
640,5
640,7
641,7
641,9
642,7
643,7
644,2
644,3
644,29
645,12
645,9
647,12
647,19
649,12
649,9
650,69
650,13
650,2
650,12
650,19
650,11
651,12
651,28
652,13
652,2
652,12
652,11
653,37
653,10
653,13
653,1
653,12
653,28
654,13
654,11
654,9
655,13
655,2
655,12
655,7
656,13
656,12
657,12
658,13
658,12
659,13
659,12
660,13
660,12
660,11
660,9
661,13
661,12
663,9
664,13
664,12
665,13
665,12
666,37
666,10
666,13
666,1
666,12
666,28
667,13
667,12
668,13
668,12
669,13
669,12
669,11
671,13
671,12
672,10
672,1
672,3
672,12
672,28
673,12
674,13
674,12
674,11
675,3
675,28
676,111
677,13
677,12
677,19
678,13
678,12
678,9
679,13
679,2
679,12
679,19
680,19
681,10
681,61
682,37
682,124
683,12
684,10
684,2
684,12
685,10
685,1
685,2
685,3
685,19
685,28
685,34
685,7
685,9
686,10
687,19
688,10
688,1
688,2
688,3
688,19
688,34
691,2
691,5
691,34
692,2
692,3
692,5
692,34
692,29
694,68
694,9
700,48
700,1
700,3
701,12
701,19
702,10
702,2
702,8
705,13
705,2
705,12
705,11
706,1
706,2
706,3
706,12
706,28
706,9
707,13
707,2
707,5
707,12
707,19
707,11
707,7
707,105
708,13
708,12
708,11
708,7
709,1
709,2
709,3
709,28
709,34
709,125
709,111
709,9
709,31
710,1
710,2
710,3
712,10
712,1
712,3
712,4
712,74
712,18
712,101
712,34
712,78
712,2
712,48
712,26
712,83
712,12
712,28
712,19
712,80
712,125
712,30
712,9
712,68
713,1
713,3
713,28
713,30
714,13
714,2
714,12
714,125
714,9
716,1
716,3
716,34
717,1
717,2
717,3
717,17
717,64
717,12
717,28
717,9
718,1
718,3
718,111
719,2
719,12
719,125
719,7
721,126
721,12
721,19
722,12
723,12
724,13
724,12
724,125
725,13
725,12
726,1
726,2
726,3
726,12
726,28
727,2
727,12
727,36
729,13
729,12
730,12
731,12
732,9
733,13
733,12
733,11
734,13
734,12
734,11
735,70
735,13
735,2
735,17
735,12
735,11
736,70
736,1
736,12
736,9
737,70
737,1
737,3
737,9
738,70
738,1
738,9
739,1
739,70
739,64
739,12
739,28
739,9
740,70
740,1
740,9
741,70
741,12
742,1
742,70
742,2
742,9
743,70
743,13
743,2
743,1
743,17
743,12
743,9
744,70
744,12
745,70
745,12
746,70
746,1
746,64
746,9
747,70
747,13
748,70
748,12
749,13
750,70
750,12
751,70
751,13
752,70
752,13
753,70
753,13
754,70
755,70
755,13
756,70
756,13
757,70
758,70
759,70
759,13
760,70
761,70
761,13
762,70
762,13
763,70
763,13
764,70
765,10
766,10
766,57
767,10
768,10
768,61
769,10
770,10
771,10
771,57
771,11
772,61
773,10
773,13
773,11
773,114
774,10
774,13
774,11
775,10
775,13
775,12
775,20
775,11
775,61
776,10
777,37
777,2
777,34
778,37
778,47
778,2
778,13
778,20
778,124
779,37
779,13
779,2
779,20
779,124
780,37
780,2
780,13
780,20
781,81
781,10
781,13
781,11
781,20
781,61
781,114
781,8
781,2
781,17
781,44
781,12
781,7
781,123
781,9
782,10
782,12
782,20
782,72
782,61
782,7
782,9
783,10
783,11
784,37
784,17
785,10
786,10
786,2
786,9
787,10
787,43
789,10
789,13
789,2
789,20
789,61
790,10
790,13
790,11
791,10
791,13
791,11
792,10
792,13
792,2
792,17
792,12
793,12
794,28
795,37
795,47
795,1
795,2
795,70
795,13
795,3
795,17
795,12
795,28
795,11
795,7
796,13
796,12
797,12
798,2
798,13
798,12
798,11
799,12
800,12
802,13
802,12
803,10
804,13
804,12
804,9
805,12
806,10
806,1
806,3
806,75
806,34
806,41
806,2
806,12
806,28
806,6
806,19
806,51
806,30
806,9
807,13
807,12
808,12
809,12
810,1
810,3
810,12
810,9
812,12
813,12
814,13
814,12
815,13
815,12
816,1
816,13
816,2
816,48
816,3
816,60
816,12
816,28
816,7
816,9
817,12
817,7
818,13
818,12
819,12
820,2
820,12
821,2
821,12
822,12
823,12
824,13
824,12
825,1
825,12
825,9
826,2
826,12
827,5
827,12
828,2
828,12
829,12
830,12
831,12
832,2
833,12
833,11
834,2
834,13
834,12
834,11
835,2
835,5
835,12
835,57
836,12
837,12
838,5
838,12
839,12
840,70
840,12
841,12
842,12
843,12
844,5
844,12
845,12
846,2
846,5
846,12
846,9
847,12
848,5
848,12
849,5
849,12
850,12
851,12
852,54
852,12
853,12
854,2
854,12
856,12
857,12
858,12
859,12
859,19
860,12
861,2
861,12
862,12
863,12
865,12
866,12
867,12
868,5
868,12
870,12
871,12
872,12
873,13
873,12
873,11
874,12
875,12
875,7
876,12
877,1
877,12
878,12
880,12
881,12
882,12
883,12
884,12
886,2
886,12
886,34
887,19
888,29
888,9
889,9
891,13
891,12
891,11
891,7
893,13
893,5
893,12
893,19
893,11
893,111
895,13
897,10
897,11
899,10
900,7
901,7
904,13
904,2
904,12
904,11
905,10
905,13
905,44
905,12
905,11
906,19
907,7
908,19
909,19
910,13
910,2
910,12
910,11
910,9
911,10
911,13
911,12
911,11
911,7
912,7
913,3
914,3
914,19
915,10
915,11
916,10
917,10
917,2
918,10
918,2
919,10
919,2
920,2
921,13
921,12
921,11
922,10
923,10
923,13
923,2
923,65
923,12
923,11
924,10
924,13
924,17
924,12
924,11
924,61
925,10
925,2
925,5
926,10
926,2
926,11
927,10
927,11
928,10
928,2
928,13
928,12
929,2
929,65
929,5
930,10
930,2
930,61
931,10
932,10
932,13
932,12
932,11
932,61
932,105
933,10
933,34
934,10
934,2
935,10
935,2
936,10
936,2
936,13
936,12
936,114
937,10
937,2
938,5
938,9
939,10
941,10
942,10
942,2
942,13
942,61
943,10
943,44
944,9
945,12
946,12
947,13
947,12
947,11
948,12
949,13
949,12
950,12
951,13
951,12
952,12
953,13
953,12
954,12
955,70
955,12
956,12
956,11
957,12
958,12
959,12
960,12
961,13
961,12
962,12
962,7
963,12
964,12
965,12
966,12
967,12
968,12
969,12
970,13
970,12
970,11
971,12
972,12
973,12
974,12
975,12
975,90
975,19
975,11
975,36
978,2
978,19
978,11
979,19
979,11
980,19
980,11
981,2
981,17
981,19
981,7
982,2
983,2
983,19
984,19
985,2
985,12
985,19
985,11
985,36
986,13
986,70
986,12
986,90
987,19
989,19
990,19
990,36
991,13
991,12
991,19
991,11
991,36
992,13
992,12
992,19
992,36
993,19
993,11
995,19
996,69
996,12
997,2
997,19
997,11
998,19
999,90
999,19
999,11
1000,19
1002,13
1002,12
1002,11
1003,13
1003,2
1003,12
1003,19
1003,11
1003,20
1004,13
1004,12
1004,11
1005,13
1005,12
1005,11
1006,13
1006,12
1006,11
1007,13
1007,12
1007,11
1008,12
1008,11
1008,36
1009,13
1009,12
1009,11
1010,12
1010,11
1011,13
1011,12
1011,11
1012,13
1012,12
1012,11
1013,13
1013,12
1013,11
1014,13
1014,12
1014,11
1015,13
1015,12
1015,11
1016,13
1016,12
1016,11
1017,12
1018,12
1019,12
1020,13
1020,12
1020,11
1021,13
1021,12
1021,11
1022,13
1022,12
1022,11
1022,36
1023,13
1023,12
1023,11
1024,13
1024,12
1024,11
1025,13
1025,12
1025,19
1025,11
1025,36
1026,13
1026,12
1026,11
1027,13
1027,12
1027,19
1027,11
1028,12
1029,13
1029,12
1030,13
1030,12
1030,11
1031,12
1031,11
1032,13
1032,12
1032,11
1033,12
1034,12
1035,12
1036,13
1036,12
1037,13
1037,12
1038,13
1038,12
1039,13
1039,12
1039,11
1040,12
1041,12
1042,12
1043,13
1043,12
1043,11
1044,13
1044,12
1045,13
1045,12
1045,11
1046,13
1046,12
1046,11
1047,13
1047,12
1047,11
1048,13
1048,12
1049,12
1050,13
1050,12
1051,13
1051,12
1051,11
1052,12
1053,12
1054,12
1055,13
1055,12
1056,12
1058,12
1059,12
1060,13
1060,12
1062,11
1062,7
1063,11
1063,78
1063,7
1064,78
1064,7
1065,11
1065,78
1065,7
1066,11
1066,78
1066,7
1067,11
1067,7
1068,7
1069,12
1069,7
1070,12
1070,7
1071,78
1071,7
1072,12
1072,41
1072,7
1072,127
1073,7
1074,29
1074,7
1075,78
1075,7
1076,13
1076,2
1076,12
1076,11
1076,7
1077,70
1077,12
1077,7
1078,2
1078,7
1078,128
1080,2
1080,7
1081,7
1082,2
1082,5
1082,12
1083,5
1083,7
1084,127
1085,2
1085,5
1085,127
1086,12
1087,5
1087,12
1087,11
1087,7
1088,69
1088,2
1088,12
1089,13
1089,2
1089,12
1089,11
1090,12
1091,12
1093,10
1093,2
1093,9
1094,10
1094,61
1095,3
1095,9
1096,47
1096,1
1096,2
1096,3
1096,17
1096,12
1096,18
1096,11
1096,9
1097,7
1098,1
1098,2
1098,3
1098,5
1098,12
1098,22
1098,19
1099,1
1099,3
1099,34
1099,92
1100,10
1100,1
1100,2
1100,12
1100,19
1100,7
1100,9
1101,2
1101,7
1102,81
1102,13
1102,2
1102,12
1102,11
1102,9
1103,5
1103,12
1104,7
1105,37
1105,13
1105,2
1105,50
1105,17
1105,5
1105,12
1105,11
1105,125
1106,10
1106,2
1106,65
1106,12
1106,72
1106,7
1106,9
1107,2
1107,65
1107,12
1108,13
1108,12
1108,11
1109,5
1109,9
1110,37
1110,47
1110,13
1110,2
1110,12
1110,124
1113,12
1113,34
1113,11
1114,9
1115,5
1115,9
1116,2
1116,3
1116,5
1116,7
1116,73
1116,9
1117,9
1118,1
1118,2
1118,3
1118,21
1118,5
1118,22
1119,10
1119,3
1119,7
1120,10
1120,2
1120,61
1121,1
1121,2
1121,3
1121,21
1121,5
1121,22
1121,28
1121,20
1121,9
1122,13
1122,5
1122,12
1122,11
1122,9
1123,81
1123,1
1123,3
1123,64
1123,12
1123,28
1123,11
1123,111
1123,9
1124,1
1124,13
1124,3
1124,5
1124,12
1124,11
1124,9
1125,1
1125,2
1125,3
1125,17
1125,12
1125,9
1125,31
1126,1
1126,3
1126,60
1126,5
1126,11
1126,2
1126,48
1126,17
1126,12
1126,29
1126,7
1126,53
1126,9
1126,59
1127,10
1127,32
1127,1
1127,13
1127,3
1127,64
1127,11
1127,34
1127,20
1127,36
1127,2
1127,70
1127,17
1127,12
1127,19
1127,28
1127,29
1127,7
1127,30
1127,9
1127,110
1128,12
1128,11
1129,1
1129,2
1129,3
1129,64
1129,5
1129,28
1129,30
1129,8
1129,9
1130,12
1130,11
1131,13
1131,12
1131,11
1132,12
1134,7
1135,7
1136,7
1137,129
1137,7
1138,7
1139,2
1139,3
1139,12
1139,7
1140,13
1140,12
1140,11
1140,7
1141,7
1142,7
1144,12
1144,7
1145,7
1146,70
1146,12
1147,7
1148,7
1149,70
1149,2
1150,7
1151,7
1152,9
1153,13
1153,2
1153,9
1154,12
1154,19
1154,7
1155,7
1156,7
1157,3
1157,28
1158,6
1158,7
1159,7
1160,2
1160,13
1160,12
1160,7
1161,13
1161,2
1161,12
1161,7
1162,7
1163,13
1163,70
1163,12
1163,11
1163,7
1164,28
1164,67
1164,7
1165,28
1165,7
1166,28
1166,7
1167,28
1167,7
1168,28
1168,7
1171,13
1171,7
1174,28
1174,7
1175,28
1175,7
1176,28
1176,7
1177,28
1177,7
1178,28
1180,28
1180,7
1181,28
1181,7
1183,28
1183,7
1184,28
1185,7
1187,13
1187,85
1187,12
1187,11
1187,7
1188,2
1188,12
1189,12
1190,70
1190,13
1190,12
1190,11
1191,70
1191,13
1191,12
1191,11
1192,69
1192,70
1192,13
1192,12
1192,11
1193,13
1193,12
1193,11
1194,12
1195,12
1195,11
1196,12
1196,11
1197,12
1197,11
1198,12
1199,12
1200,12
1201,12
1202,12
1203,13
1203,12
1203,11
1204,13
1204,12
1205,12
1206,12
1207,12
1207,11
1208,12
1209,12
1210,12
1211,12
1212,12
1213,12
1214,12
1215,2
1215,12
1215,11
1216,12
1216,11
1217,81
1217,12
1218,12
1219,13
1219,12
1219,11
1219,7
1220,12
1221,12
1222,12
1223,2
1223,34
1223,9
1236,3
1253,13
1253,2
1253,70
1253,19
1253,11
1253,36
1253,7
1253,73
1254,129
1254,13
1254,12
1254,11
1254,7
1255,13
1255,2
1255,11
1255,7
1256,13
1256,11
1257,13
1257,2
1257,11
1257,7
1259,7
1260,2
1260,7
1261,7
1262,70
1262,2
1262,17
1263,2
1263,7
1264,7
1265,2
1265,11
1265,7
1266,2
1266,7
1268,2
1268,7
1269,13
1269,2
1269,11
1269,7
1270,70
1270,2
1272,2
1272,7
1275,2
1275,7
1276,2
1276,11
1276,7
1277,2
1277,7
1278,70
1278,2
1279,2
1279,7
1280,13
1281,13
1281,2
1281,11
1281,7
1282,2
1282,7
1283,12
1283,7
1284,7
1285,7
1287,10
1288,2
1288,28
1289,37
1292,7
1293,12
1293,7
1294,37
1294,12
1294,124
1295,7
1296,2
1296,7
1297,7
1299,10
1299,12
1299,28
1300,10
1300,12
1300,28
1301,7
1302,12
1303,7
1304,7
1305,12
1306,12
1307,12
1307,7
1308,7
1309,7
1310,7
1311,7
1312,7
1313,7
1314,12
1314,7
1315,12
1315,7
1316,7
1317,7
1318,7
1319,37
1319,50
1319,19
1319,7
1321,7
1322,70
1322,13
1322,2
1322,12
1322,11
1323,7
1324,13
1324,70
1324,12
1324,11
1325,70
1325,13
1328,70
1328,12
1329,7
1331,13
1331,70
1331,12
1331,7
1333,13
1333,11
1334,70
1334,13
1334,12
1334,11
1334,7
1335,7
1336,13
1336,12
1336,7
1337,7
1338,7
1339,7
1340,7
1341,7
1342,12
1343,13
1343,12
1343,11
1344,2
1344,12
1344,11
1344,7
1345,13
1345,2
1345,12
1345,11
1345,7
1346,2
1346,12
1346,11
1346,7
1347,13
1347,12
1347,11
1347,7
1348,107
1348,70
1348,13
1348,12
1348,11
1348,7
1350,12
1350,7
1351,13
1351,12
1351,11
1351,7
1352,13
1352,12
1352,11
1353,86
1353,12
1353,11
1354,13
1354,86
1354,12
1354,11
1355,13
1355,12
1356,12
1356,7
1357,12
1357,11
1358,2
1358,12
1358,11
1359,12
1359,11
1360,12
1360,11
1362,13
1362,2
1362,85
1362,12
1362,11
1362,7
1363,2
1363,12
1363,11
1364,13
1364,12
1364,11
1364,7
1365,12
1366,12
1366,11
1367,13
1367,12
1367,11
1368,11
1369,2
1369,12
1369,11
1369,7
1370,12
1370,11
1371,12
1371,11
1372,12
1372,11
1373,13
1373,11
1373,7
1375,2
1375,7
1377,13
1377,70
1377,12
1377,11
1378,12
1378,42
1378,9
1379,7
1381,13
1381,70
1381,5
1381,12
1381,11
1383,5
1383,7
1384,7
1385,5
1385,12
1386,12
1387,12
1388,5
1388,7
1389,28
1390,7
1392,2
1392,7
1393,7
1394,10
1394,2
1395,7
1396,10
1396,1
1396,2
1396,13
1396,3
1396,12
1396,7
1396,9
1397,7
1398,10
1399,7
1400,10
1401,10
1402,10
1404,5
1404,12
1405,5
1405,12
1406,10
1406,2
1406,66
1407,5
1407,9
1408,37
1408,5
1409,13
1409,12
1410,12
1411,5
1411,7
1412,5
1412,19
1413,2
1413,5
1413,19
1414,13
1414,5
1414,12
1414,11
1415,5
1415,12
1416,5
1416,12
1417,5
1417,12
1418,5
1418,12
1419,13
1419,12
1420,12
1421,12
1422,5
1422,12
1423,12
1424,12
1425,5
1425,12
1426,13
1426,12
1427,12
1428,2
1428,5
1428,28
1428,67
1428,7
1429,5
1429,12
1430,5
1430,12
1431,13
1431,12
1432,12
1433,13
1433,2
1433,12
1433,11
1433,7
1433,73
1434,2
1434,7
1435,7
1436,7
1437,2
1437,34
1438,7
1440,3
1440,7
1440,9
1443,7
1444,2
1444,7
1445,2
1445,7
1446,13
1446,2
1446,70
1446,11
1446,7
1446,9
1447,7
1449,2
1449,5
1449,7
1451,7
1452,2
1452,7
1453,7
1454,87
1454,13
1454,2
1454,12
1454,11
1454,7
1455,12
1455,7
1456,70
1456,2
1456,42
1456,34
1456,7
1456,9
1460,9
1461,2
1461,5
1461,11
1461,7
1464,2
1464,1
1464,3
1464,5
1464,11
1464,9
1465,10
1466,10
1466,5
1467,2
1467,34
1468,10
1468,1
1468,2
1468,3
1468,5
1468,28
1468,30
1468,9
1469,10
1469,5
1470,10
1470,5
1470,11
1471,2
1471,3
1472,2
1472,3
1473,3
1474,10
1474,2
1474,5
1475,10
1475,5
1475,11
1476,10
1477,10
1477,5
1478,10
1478,5
1479,10
1479,5
1480,10
1480,1
1480,2
1480,3
1480,5
1480,30
1480,9
1481,10
1482,10
1482,1
1482,2
1482,3
1482,5
1482,28
1482,30
1482,9
1483,120
1483,10
1483,1
1483,2
1483,3
1483,26
1483,17
1483,130
1483,5
1483,11
1484,10
1484,1
1484,3
1484,5
1484,39
1484,34
1484,2
1484,48
1484,12
1484,28
1484,30
1484,9
1484,31
1485,1
1485,2
1485,3
1486,2
1487,1
1487,3
1488,1
1488,2
1488,3
1488,9
1489,2
1489,1
1489,3
1489,26
1489,131
1489,5
1489,77
1489,39
1489,34
1489,11
1489,30
1489,9
1490,2
1490,3
1490,16
1490,28
1490,34
1490,30
1491,132
1491,2
1491,3
1491,43
1491,133
1491,5
1491,29
1491,11
1491,30
1492,3
1493,75
1493,121
1493,122
1493,18
1493,40
1493,11
1493,82
1493,61
1493,41
1493,134
1493,135
1493,136
1493,27
1493,137
1493,138
1493,42
1493,51
1493,30
1493,139
1493,105
1493,9
1493,47
1493,63
1493,140
1493,91
1493,106
1493,34
1493,8
1493,17
1493,102
1493,67
1493,80
1493,73
1493,14
1493,127
1493,15
1493,68
1493,37
1493,60
1493,126
1493,5
1493,141
1493,114
1493,69
1493,2
1493,48
1493,95
1493,50
1493,142
1493,12
1493,28
1493,6
1493,19
1493,7
1493,110
1493,10
1493,13
1493,1
1493,99
1493,65
1493,16
1493,143
1493,144
1493,66
1493,145
1493,129
1493,70
1493,146
1493,111
1493,103
1494,12
1494,11
1495,12
1496,75
1496,121
1496,122
1496,18
1496,40
1496,11
1496,82
1496,61
1496,41
1496,134
1496,135
1496,136
1496,27
1496,137
1496,138
1496,42
1496,51
1496,30
1496,139
1496,105
1496,9
1496,47
1496,147
1496,63
1496,140
1496,91
1496,106
1496,34
1496,8
1496,17
1496,102
1496,67
1496,80
1496,73
1496,14
1496,127
1496,15
1496,68
1496,37
1496,60
1496,126
1496,5
1496,141
1496,114
1496,69
1496,48
1496,2
1496,95
1496,50
1496,142
1496,12
1496,28
1496,6
1496,19
1496,7
1496,110
1496,10
1496,13
1496,1
1496,99
1496,65
1496,16
1496,143
1496,144
1496,66
1496,145
1496,129
1496,70
1496,146
1496,111
1496,103
1498,13
1498,12
1498,11
1498,7
1498,9
1499,13
1499,70
1499,43
1499,5
1499,12
1499,11
1499,7
1499,9
1500,12
1500,11
1500,9
1501,13
1501,5
1501,12
1501,11
1501,9
1502,13
1502,12
1502,11
1502,9
1503,9
1504,13
1504,5
1504,12
1504,11
1504,9
1505,81
1505,13
1505,2
1505,5
1505,12
1505,11
1505,9
1506,11
1506,9
1507,5
1508,9
1510,5
1510,11
1510,9
1511,5
1511,9
1512,5
1512,9
1513,5
1513,9
1514,5
1514,9
1515,5
1515,9
1517,2
1517,7
1517,9
1518,28
1519,148
1519,9
1520,12
1521,1
1521,2
1521,17
1521,5
1521,12
1521,9
1522,12
1522,71
1522,148
1523,12
1526,2
1526,9
1527,1
1527,2
1527,3
1527,17
1527,54
1527,5
1527,12
1527,11
1527,9
1528,28
1528,7
1529,17
1529,5
1529,12
1530,54
1530,12
1531,17
1531,12
1533,12
1534,12
1535,9
1536,12
1537,2
1538,12
1538,148
1539,9
1540,1
1540,12
1540,9
1541,87
1541,2
1541,17
1541,12
1541,11
1542,13
1542,12
1545,5
1545,12
1546,13
1546,12
1546,11
1547,12
1548,7
1550,7
1551,7
1552,11
1552,7
1553,7
1554,13
1554,12
1554,7
1555,7
1556,7
1557,13
1557,12
1557,11
1557,7
1558,3
1558,28
1558,7
1558,68
1559,13
1559,2
1559,11
1559,7
1560,28
1560,67
1560,7
1561,13
1561,12
1561,11
1562,2
1562,1
1562,3
1562,28
1562,7
1563,2
1563,3
1563,28
1563,67
1563,7
1563,58
1564,7
1565,11
1565,7
1566,13
1566,12
1566,11
1566,7
1567,7
1568,7
1569,7
1570,7
1571,7
1572,28
1572,7
1573,7
1574,2
1574,7
1575,7
1576,7
1577,7
1578,10
1579,10
1580,10
1580,13
1580,2
1580,17
1580,12
1580,57
1580,11
1581,10
1581,2
1581,12
1582,10
1582,13
1582,2
1582,12
1583,3
1584,3
1585,3
1586,12
1587,87
1587,1
1587,3
1587,24
1587,5
1587,34
1587,11
1587,49
1587,2
1587,6
1587,28
1587,71
1587,92
1587,30
1587,127
1587,59
1587,9
1588,3
1589,3
1590,12
1591,10
1591,2
1592,10
1592,2
1594,1
1594,2
1594,3
1594,28
1594,9
1595,10
1595,61
1596,10
1597,10
1597,13
1597,2
1597,17
1597,12
1597,58
1597,45
1598,10
1599,10
1599,1
1599,2
1599,3
1599,19
1599,34
1600,13
1600,2
1600,12
1600,11
1600,34
1600,7
1602,13
1602,12
1602,11
1603,10
1604,10
1605,2
1605,34
1606,1
1606,2
1606,3
1606,9
1607,3
1608,10
1608,2
1608,11
1608,105
1609,2
1609,12
1609,105
1610,105
1611,11
1611,105
1612,10
1612,11
1612,105
1613,2
1613,65
1613,105
1615,11
1615,105
1616,11
1616,105
1617,11
1617,105
1618,11
1618,105
1619,105
1620,11
1620,105
1621,105
1623,11
1623,105
1624,11
1624,105
1627,11
1627,105
1628,11
1628,105
1629,10
1629,105
1631,11
1631,105
1632,105
1633,2
1633,11
1633,105
1634,11
1634,105
1635,13
1635,11
1636,47
1636,2
1636,17
1636,12
1636,11
1636,105
1637,11
1637,105
1638,13
1638,12
1638,11
1638,7
1639,13
1639,12
1639,11
1640,13
1640,70
1640,2
1640,12
1640,11
1640,36
1641,13
1641,70
1641,12
1641,11
1641,36
1642,13
1642,70
1642,2
1642,12
1642,19
1642,34
1643,13
1643,70
1643,12
1643,11
1643,36
1644,13
1644,70
1644,2
1644,12
1644,19
1644,34
1645,12
1646,13
1646,12
1647,13
1647,12
1648,13
1648,12
1649,13
1649,12
1650,13
1650,12
1651,13
1651,12
1652,13
1652,12
1653,13
1653,12
1654,13
1654,12
1655,13
1655,12
1656,13
1656,12
1657,13
1657,12
1658,13
1658,12
1659,13
1659,12
1660,13
1660,12
1661,13
1661,12
1662,13
1662,12
1663,13
1663,12
1664,13
1664,12
1665,13
1665,12
1666,13
1666,12
1667,13
1667,12
1668,13
1668,12
1669,13
1669,17
1669,12
1669,11
1670,13
1670,2
1670,12
1670,11
1670,7
1671,13
1671,12
1672,13
1672,2
1672,12
1672,11
1672,7
1673,12
1674,13
1674,12
1675,13
1675,70
1675,12
1676,2
1677,13
1677,12
1677,11
1678,12
1678,11
1678,20
1679,87
1679,128
1679,7
1680,13
1680,12
1680,11
1681,7
1682,70
1682,2
1684,47
1684,2
1684,5
1684,12
1685,12
1686,13
1686,12
1686,11
1689,12
1689,11
1690,13
1690,11
1691,13
1691,12
1691,19
1692,32
1692,12
1692,58
1693,13
1693,2
1693,12
1693,11
1696,12
1697,13
1697,12
1697,11
1699,12
1700,12
1701,12
1702,13
1702,12
1702,11
1703,12
1704,12
1705,12
1706,12
1708,12
1709,13
1709,12
1710,13
1710,5
1710,12
1710,19
1710,11
1711,5
1711,12
1712,12
1713,7
1714,13
1714,12
1715,13
1715,12
1716,12
1717,12
1718,9
1719,13
1719,5
1719,12
1719,11
1720,9
1721,13
1721,12
1721,11
1721,9
1722,13
1722,12
1723,12
1724,12
1724,11
1725,13
1725,12
1725,11
1726,13
1726,12
1726,11
1728,13
1728,2
1728,12
1728,11
1728,7
1730,2
1730,13
1730,12
1730,19
1732,13
1732,12
1732,11
1732,7
1733,7
1734,13
1734,12
1734,7
1735,2
1735,7
1736,13
1736,2
1736,12
1736,11
1736,7
1737,12
1737,7
1738,12
1738,7
1739,12
1739,7
1740,7
1741,7
1742,7
1743,13
1743,2
1743,12
1743,11
1743,7
1744,13
1744,12
1744,7
1745,7
1746,7
1747,12
1747,11
1747,7
1748,12
1748,7
1749,12
1749,7
1750,7
1751,7
1752,13
1752,12
1752,7
1753,7
1754,12
1754,7
1755,13
1755,12
1755,11
1755,7
1756,13
1756,86
1756,7
1757,12
1757,7
1759,2
1759,13
1759,11
1759,9
1760,2
1760,3
1760,26
1760,21
1760,5
1760,91
1760,29
1760,7
1760,9
1761,18
1762,3
1762,5
1762,91
1762,34
1762,104
1762,78
1762,109
1762,2
1762,26
1762,29
1762,71
1762,9
1762,31
1763,2
1763,12
1763,18
1763,34
1763,7
1763,9
1764,2
1764,18
1764,9
1766,1
1766,2
1766,3
1766,34
1767,1
1767,2
1767,3
1767,5
1767,22
1767,8
1768,2
1768,5
1768,36
1768,11
1768,9
1769,2
1769,5
1769,9
1770,18
1771,1
1771,3
1771,5
1771,16
1771,65
1771,34
1771,20
1771,149
1771,2
1771,55
1771,26
1771,77
1771,28
1771,71
1771,30
1771,9
1772,9
1773,1
1773,2
1773,3
1774,2
1774,18
1775,2
1775,1
1775,3
1775,9
1776,2
1776,9
1777,2
1777,1
1777,3
1777,5
1777,22
1778,18
1779,2
1779,12
1779,18
1780,2
1781,9
1782,18
1783,47
1783,2
1783,17
1783,5
1783,18
1783,8
1784,18
1785,18
1786,2
1786,3
1787,2
1788,2
1788,3
1788,22
1788,12
1788,19
1788,11
1789,1
1789,56
1789,17
1789,5
1789,19
1789,11
1789,51
1789,30
1789,9
1790,19
1791,2
1791,12
1791,19
1791,34
1792,19
1793,19
1794,19
1795,19
1796,19
1797,19
1797,11
1798,19
1799,19
1799,11
1800,19
1801,19
1802,19
1803,19
1804,19
1805,19
1806,19
1807,19
1808,19
1809,19
1810,19
1811,19
1812,19
1813,19
1813,11
1813,36
1814,2
1815,19
1815,11
1816,13
1816,12
1816,19
1816,11
1817,19
1818,12
1818,11
1819,2
1819,13
1819,12
1819,11
1820,13
1820,12
1820,11
1821,13
1821,2
1821,12
1821,11
1821,9
1822,12
1823,12
1824,12
1825,12
1826,12
1827,13
1827,12
1828,2
1828,13
1828,12
1829,12
1830,12
1831,13
1832,12
1833,12
1833,11
1834,12
1834,11
1835,13
1835,70
1835,2
1835,12
1835,19
1835,14
1836,12
1837,2
1837,12
1837,9
1838,13
1838,12
1838,11
1839,12
1839,11
1840,13
1840,12
1841,13
1841,12
1842,13
1842,2
1842,12
1843,2
1843,12
1843,11
1844,11
1845,13
1845,12
1845,11
1846,13
1846,12
1846,11
1847,13
1847,11
1849,37
1849,47
1849,1
1849,3
1849,21
1849,88
1849,5
1849,20
1849,34
1849,11
1849,61
1849,112
1849,150
1849,2
1849,50
1849,17
1849,28
1849,29
1849,124
1849,9
1850,37
1850,47
1850,2
1850,50
1850,17
1850,20
1850,34
1850,61
1850,9
1851,2
1852,37
1852,47
1852,50
1852,43
1852,17
1852,54
1852,11
1852,61
1852,125
1852,8
1852,110
1853,37
1853,17
1853,61
1855,37
1855,47
1855,2
1855,1
1855,50
1855,17
1855,5
1855,61
1855,125
1855,112
1856,37
1856,47
1856,17
1856,61
1857,13
1857,12
1857,11
1858,47
1858,1
1858,3
1858,17
1858,21
1858,61
1858,9
1859,37
1859,47
1859,32
1859,1
1859,3
1859,21
1859,5
1859,34
1859,11
1859,61
1859,35
1859,2
1859,151
1859,43
1859,17
1859,26
1859,28
1859,29
1859,30
1859,9
1860,2
1860,17
1860,61
1860,9
1861,3
1861,40
1861,11
1861,29
1862,11
1864,37
1864,47
1864,2
1864,50
1864,17
1864,61
1864,124
1865,47
1865,2
1866,37
1866,47
1866,50
1866,17
1866,85
1866,61
1867,37
1867,47
1867,69
1867,13
1867,17
1867,12
1867,11
1867,29
1867,20
1868,37
1868,47
1868,1
1868,2
1868,3
1868,17
1868,21
1868,28
1868,61
1868,35
1868,30
1869,37
1869,2
1869,17
1870,37
1870,47
1870,2
1870,13
1870,17
1870,12
1870,11
1870,61
1870,125
1870,9
1871,37
1871,47
1871,17
1871,61
1873,47
1873,2
1873,61
1874,37
1874,47
1874,2
1875,37
1875,47
1875,2
1876,37
1877,17
1877,61
1877,9
1878,13
1878,2
1878,12
1878,18
1878,11
1879,18
1879,71
1879,31
1880,18
1881,18
1881,8
1882,2
1882,18
1882,11
1882,8
1883,18
1884,13
1884,5
1884,12
1884,18
1884,11
1885,1
1885,13
1885,3
1885,5
1885,18
1885,11
1885,34
1885,78
1885,8
1885,2
1885,17
1885,26
1885,12
1885,102
1885,30
1885,9
1886,5
1886,18
1887,18
1888,2
1888,5
1888,18
1888,8
1889,69
1889,32
1889,13
1889,2
1889,3
1889,12
1889,18
1889,11
1889,30
1890,18
1891,18
1892,18
1892,11
1893,3
1893,18
1893,30
1894,2
1894,3
1894,18
1894,28
1894,30
1895,18
1895,30
1896,10
1896,2
1896,3
1896,18
1896,28
1896,11
1896,61
1896,30
1897,5
1897,18
1897,11
1897,30
1898,2
1898,3
1898,18
1898,34
1898,30
1899,10
1899,13
1899,3
1899,12
1899,18
1899,11
1899,152
1899,8
1899,9
1900,5
1900,18
1901,3
1901,22
1901,18
1901,30
1902,1
1902,13
1902,3
1902,5
1902,22
1902,18
1902,34
1902,11
1902,78
1902,2
1902,26
1902,30
1902,9
1903,13
1903,2
1903,5
1903,12
1903,18
1903,11
1904,13
1904,5
1904,12
1904,18
1904,11
1905,13
1905,12
1905,18
1905,11
1906,1
1906,18
1906,30
1907,2
1907,18
1908,1
1908,3
1908,28
1908,153
1908,110
1909,10
1909,1
1909,13
1909,3
1909,64
1909,21
1909,5
1909,154
1909,11
1909,2
1909,17
1909,12
1909,6
1909,28
1909,110
1909,9
1910,10
1910,1
1910,2
1910,3
1910,28
1911,2
1911,3
1911,28
1912,12
1912,11
1913,37
1914,1
1914,2
1914,3
1914,60
1914,12
1914,28
1915,12
1916,3
1916,28
1918,1
1918,2
1918,3
1918,9
1919,10
1919,1
1919,2
1919,3
1919,12
1919,28
1920,1
1920,2
1920,17
1920,5
1920,154
1920,12
1920,6
1920,9
1921,10
1921,1
1921,2
1921,3
1921,12
1921,28
1922,10
1922,1
1922,2
1922,3
1922,64
1922,21
1922,5
1922,12
1922,28
1922,11
1922,9
1923,1
1923,2
1923,3
1923,64
1923,12
1923,28
1923,109
1923,68
1924,2
1924,17
1924,5
1924,34
1925,21
1925,5
1925,9
1926,37
1926,47
1926,10
1926,1
1926,2
1926,13
1926,3
1926,64
1926,6
1926,28
1926,9
1927,1
1927,3
1927,21
1927,5
1927,28
1927,6
1927,155
1929,28
1929,110
1930,1
1930,3
1930,64
1930,28
1931,1
1931,3
1931,64
1931,21
1931,5
1931,12
1932,10
1932,1
1932,3
1932,64
1932,21
1932,5
1932,11
1932,2
1932,17
1932,12
1932,28
1932,6
1932,9
1932,110
1933,1
1933,3
1933,28
1934,3
1934,21
1934,5
1934,88
1934,22
1934,11
1934,82
1934,89
1934,62
1934,49
1934,2
1934,26
1934,12
1934,28
1934,19
1934,29
1934,118
1934,51
1934,30
1934,9
1934,110
1934,31
1934,47
1934,10
1934,32
1934,1
1934,13
1934,64
1934,4
1934,16
1934,34
1934,20
1934,35
1934,8
1934,156
1934,70
1934,55
1934,56
1934,17
1934,155
1934,58
1934,68
1934,103
1936,5
1936,11
1936,9
1937,9
1938,7
1938,9
1939,10
1939,9
1941,2
1941,12
1941,19
1941,11
1942,19
1943,10
1943,13
1943,12
1943,11
1943,9
1944,9
1945,13
1945,12
1945,11
1947,9
1948,9
1949,10
1950,9
1951,10
1951,13
1951,12
1951,11
1951,9
1952,10
1952,13
1952,12
1953,13
1953,12
1953,9
1954,10
1955,3
1955,28
1956,9
1957,10
1957,11
1958,10
1958,13
1958,12
1958,11
1959,18
1960,9
1961,10
1961,13
1961,34
1962,12
1962,9
1963,2
1963,34
1963,9
1964,10
1964,13
1964,12
1964,11
1965,10
1965,5
1965,12
1965,11
1965,9
1966,13
1966,7
1967,7
1968,13
1968,12
1968,11
1969,13
1969,12
1969,7
1970,13
1970,12
1970,11
1972,12
1973,13
1973,12
1974,13
1974,12
1974,11
1975,12
1976,12
1977,13
1977,12
1978,13
1979,13
1979,12
1981,13
1981,12
1982,13
1982,12
1982,11
1983,13
1983,12
1983,11
1984,13
1984,12
1984,11
1985,13
1985,12
1986,13
1986,12
1986,11
1989,37
1989,10
1989,1
1989,13
1989,2
1989,3
1989,113
1989,12
1989,28
1989,109
1989,9
1990,13
1990,12
1990,11
1991,17
1991,12
1994,12
1995,12
1996,13
1996,12
1996,11
1997,12
1998,13
1998,12
1998,11
1998,7
1999,10
1999,13
1999,2
1999,17
1999,12
1999,28
1999,11
2000,3
2000,5
2000,12
2000,28
2000,9
2001,13
2001,12
2003,10
2003,1
2003,3
2003,12
2004,10
2004,12
2005,37
2005,10
2005,2
2005,3
2005,12
2005,74
2005,28
2006,13
2006,12
2007,10
2007,12
2007,28
2008,13
2008,2
2008,17
2008,12
2008,74
2008,119
2008,11
2008,7
2008,9
2009,13
2009,17
2009,12
2009,11
2010,13
2010,12
2010,11
2012,13
2012,12
2012,11
2014,12
2015,37
2015,10
2015,13
2015,2
2015,3
2015,12
2015,28
2015,11
2016,12
2016,11
2017,10
2017,13
2017,2
2017,12
2017,44
2017,80
2017,61
2017,9
2018,10
2018,2
2018,61
2019,10
2019,2
2019,61
2020,13
2020,12
2020,11
2020,9
2021,10
2022,10
2022,2
2022,9
2023,10
2023,2
2023,12
2023,9
2024,61
2025,10
2025,65
2025,8
2026,13
2026,12
2026,11
2028,10
2028,19
2028,61
2029,10
2029,13
2029,12
2029,11
2030,10
2030,13
2030,2
2030,12
2030,61
2031,10
2031,19
2031,9
2032,10
2032,9
2033,2
2033,3
2033,113
2033,12
2033,7
2033,9
2034,28
2035,10
2035,2
2035,19
2035,61
2036,12
2037,12
2038,6
2038,9
2039,13
2039,2
2039,12
2039,11
2039,9
2041,10
2041,65
2041,11
2042,13
2042,12
2042,11
2044,70
2044,13
2044,12
2045,12
2045,11
2046,10
2046,2
2046,116
2046,12
2046,11
2046,114
2047,28
2049,124
2051,12
2051,74
2051,34
2051,7
2051,111
2052,7
2054,13
2054,20
2054,7
2054,9
2055,74
2055,7
2056,74
2058,11
2058,7
2059,19
2060,7
2061,62
2061,1
2061,28
2061,7
2062,2
2062,7
2063,13
2064,34
2065,13
2065,7
2068,13
2068,60
2068,7
2070,13
2070,12
2070,34
2076,7
2077,47
2077,49
2077,13
2077,2
2077,17
2077,5
2077,12
2077,11
2077,29
2077,7
2077,9
2078,2
2078,17
2078,7
2079,7
2079,73
2080,7
2080,73
2081,7
2081,73
2082,7
2083,7
2084,7
2085,13
2085,7
2086,7
2087,11
2087,7
2087,73
2088,7
2089,7
2090,7
2091,2
2091,41
2092,7
2093,5
2093,41
2094,5
2094,41
2095,7
2096,2
2096,48
2096,5
2096,41
2096,7
2097,41
2098,2
2098,5
2098,41
2098,7
2099,2
2099,17
2099,7
2100,5
2100,41
2101,2
2101,48
2101,5
2101,41
2102,2
2102,34
2102,41
2102,7
2103,2
2103,11
2103,7
2103,73
2104,13
2104,2
2104,5
2104,12
2104,6
2104,11
2104,41
2104,7
2105,2
2105,41
2107,12
2107,19
2108,2
2108,12
2109,12
2112,12
2114,70
2114,12
2114,11
2115,13
2115,12
2116,12
2118,12
2119,12
2119,7
2120,12
2122,12
2123,2
2123,12
2123,7
2124,12
2125,12
2126,2
2126,12
2127,12
2128,70
2128,12
2129,5
2129,12
2130,2
2130,12
2131,5
2131,12
2132,5
2132,12
2133,12
2134,12
2135,12
2137,32
2137,1
2137,13
2137,63
2137,3
2137,5
2137,22
2137,11
2137,2
2137,98
2137,26
2137,116
2137,12
2137,19
2137,51
2137,128
2137,58
2137,9
2138,13
2138,2
2138,63
2138,12
2138,11
2138,7
2138,9
2139,13
2139,2
2139,63
2139,12
2139,11
2140,12
2140,9
2141,2
2141,1
2141,3
2141,60
2141,28
2141,9
2143,1
2143,2
2143,13
2143,3
2143,27
2143,28
2143,34
2143,71
2143,30
2143,9
2143,31
2144,1
2144,2
2144,13
2144,3
2144,28
2144,30
2144,9
2145,13
2145,2
2145,63
2145,5
2145,12
2145,29
2145,11
2145,9
2147,2
2147,63
2147,5
2148,3
2148,5
2148,11
2148,34
2148,9
2152,13
2152,2
2152,63
2152,12
2152,11
2153,13
2153,11
2153,7
2154,2
2154,5
2154,119
2154,20
2154,9
2155,3
2156,2
2157,2
2157,13
2157,11
2157,9
2158,2
2158,63
2158,11
2159,71
2160,2
2160,31
2166,2
2167,10
2167,20
2168,37
2168,47
2168,10
2168,13
2168,2
2168,43
2168,50
2168,17
2168,11
2168,20
2169,37
2170,37
2171,37
2172,37
2173,37
2174,37
2175,37
2176,37
2177,7
2177,128
2178,37
2179,37
2179,1
2179,2
2179,3
2179,157
2180,37
2181,37
2182,37
2182,1
2182,28
2183,10
2183,1
2183,13
2183,3
2183,64
2183,21
2183,5
2183,154
2183,11
2183,2
2183,17
2183,12
2183,6
2183,28
2183,110
2183,9
2184,37
2185,37
2186,37
2187,37
2188,37
2189,37
2190,37
2191,37
2192,37
2193,37
2194,37
2195,37
2195,1
2196,37
2196,13
2196,12
2197,12
2197,18
2198,12
2199,13
2199,12
2199,11
2200,12
2202,2
2202,17
2202,119
2202,11
2202,7
2203,7
2204,7
2205,7
2206,7
2207,2
2207,7
2208,7
2209,7
2210,7
2211,7
2212,7
2213,7
2214,2
2214,5
2214,41
2214,7
2216,7
2217,41
2218,7
2219,7
2220,2
2220,7
2220,105
2221,2
2221,65
2221,7
2222,87
2222,2
2222,19
2222,36
2222,9
2223,2
2224,2
2224,5
2225,2
2225,5
2226,2
2227,2
2227,7
2228,2
2228,7
2229,2
2229,7
2231,65
2232,13
2232,2
2232,12
2232,11
2233,13
2234,37
2234,10
2234,13
2234,1
2234,3
2234,108
2234,74
2234,11
2234,69
2234,158
2234,2
2234,70
2234,17
2234,159
2234,12
2234,28
2234,51
2234,7
2234,111
2234,9
2237,13
2237,12
2240,12
2240,11
2241,13
2241,12
2241,11
2242,13
2242,12
2243,12
2243,160
2244,13
2248,13
2248,5
2248,12
2248,11
2248,7
2260,13
2260,5
2261,13
2261,12
2261,11
2261,7
2265,113
2272,13
2272,1
2272,3
2272,21
2272,5
2272,34
2272,11
2272,89
2272,2
2272,26
2272,17
2272,6
2272,28
2272,71
2272,7
2272,9
2273,13
2273,12
2273,20
2273,11
2273,7
2274,2
2274,9
2275,13
2275,12
2275,11
2276,1
2276,13
2276,3
2276,21
2276,16
2276,5
2276,22
2276,11
2276,34
2276,20
2276,82
2276,2
2276,17
2276,6
2276,28
2276,29
2276,7
2276,9
2276,161
2277,2
2277,11
2277,9
2278,2
2278,3
2278,5
2278,6
2278,9
2279,7
2280,18
2281,3
2281,5
2282,3
2282,5
2282,34
2283,69
2283,5
2283,12
2284,3
2284,5
2284,34
2285,12
2285,71
2286,9
2288,2
2288,42
2289,70
2289,12
2289,11
2289,9
2290,2
2290,3
2290,5
2290,9
2291,70
2291,11
2291,71
2292,9
2293,9
2294,2
2294,19
2295,71
2295,9
2295,31
2296,2
2296,1
2296,3
2296,23
2296,28
2296,34
2297,62
2297,10
2297,2
2297,39
2297,9
2298,1
2298,21
2298,5
2299,9
2300,1
2300,28
2301,9
2302,13
2302,2
2302,5
2302,12
2302,11
2302,117
2302,9
2303,10
2303,2
2304,13
2304,2
2304,70
2304,9
2305,11
2306,70
2306,2
2306,12
2307,5
2307,12
2307,19
2308,2
2308,9
2309,28
2309,7
2310,128
2311,128
2312,3
2312,5
2312,9
2313,13
2313,2
2313,5
2313,11
2313,9
2314,1
2314,2
2314,3
2314,5
2314,9
2315,10
2316,13
2316,11
2317,3
2317,28
2318,2
2318,12
2319,12
2320,12
2322,12
2323,12
2324,12
2325,13
2325,12
2325,11
2326,13
2326,12
2326,11
2328,12
2329,12
2330,12
2331,12
2332,12
2333,12
2334,12
2335,12
2336,12
2337,2
2337,12
2338,12
2339,12
2340,12
2341,12
2342,12
2343,12
2344,12
2345,12
2346,12
2348,10
2348,61
2349,10
2349,12
2350,10
2350,2
2350,20
2351,10
2351,13
2351,20
2352,10
2352,13
2352,2
2352,61
2352,7
2353,10
2354,10
2355,10
2355,2
2355,13
2355,3
2355,61
2355,9
2356,10
2357,10
2358,10
2358,13
2358,11
2358,20
2359,10
2359,13
2359,2
2359,50
2359,12
2359,19
2359,20
2359,7
2359,124
2359,9
2360,10
2360,13
2360,20
2361,10
2361,12
2361,11
2361,41
2361,7
2361,73
2362,10
2362,2
2362,11
2362,61
2363,10
2364,10
2365,10
2365,11
2366,10
2366,13
2367,10
2367,13
2367,12
2367,11
2367,61
2368,10
2369,10
2370,10
2370,13
2370,12
2370,11
2370,7
2371,10
2371,11
2372,10
2372,2
2373,10
2373,13
2373,2
2373,3
2373,12
2373,44
2373,11
2373,34
2373,61
2373,7
2374,10
2374,12
2374,11
2375,10
2375,2
2375,20
2376,10
2377,10
2378,2
2378,9
2379,70
2379,2
2379,12
2380,70
2380,12
2381,2
2381,17
2381,5
2381,18
2382,2
2382,1
2382,3
2382,17
2382,5
2382,22
2382,28
2382,29
2382,30
2383,10
2383,1
2383,2
2383,3
2383,65
2383,5
2383,11
2383,34
2383,9
2384,1
2384,2
2384,3
2384,28
2384,29
2384,11
2384,9
2385,37
2385,2
2386,70
2386,12
2386,11
2387,70
2387,2
2388,13
2388,70
2388,85
2388,12
2388,11
2389,1
2389,108
2389,39
2390,9
2391,2
2392,2
2392,9
2393,5
2394,2
2394,3
2394,5
2394,88
2394,9
2395,1
2395,3
2395,108
2396,12
2398,3
2399,32
2399,1
2399,2
2399,3
2399,21
2399,19
2399,29
2399,11
2399,146
2399,58
2400,49
2400,32
2400,2
2400,3
2400,5
2400,28
2400,29
2400,34
2400,20
2400,58
2400,9
2401,3
2401,5
2402,1
2402,2
2402,3
2402,17
2402,5
2402,88
2402,22
2402,34
2402,92
2402,30
2402,94
2403,1
2403,2
2403,3
2403,5
2403,22
2403,29
2403,9
2404,3
2404,5
2404,28
2405,32
2405,1
2405,13
2405,3
2405,5
2405,18
2405,11
2405,34
2405,78
2405,8
2405,2
2405,17
2405,26
2405,12
2405,102
2405,30
2405,9
2406,2
2406,12
2406,28
2406,67
2406,7
2406,9
2407,28
2407,67
2407,7
2408,13
2408,2
2408,12
2408,11
2409,12
2409,11
2410,13
2410,12
2410,11
2411,13
2411,12
2411,11
2412,13
2412,5
2412,12
2412,11
2413,12
2413,11
2414,5
2414,12
2414,11
2415,13
2415,12
2416,12
2416,11
2417,13
2417,12
2417,11
2417,52
2418,12
2418,11
2419,12
2419,11
2420,2
2420,12
2420,11
2421,12
2421,11
2422,12
2422,11
2423,12
2423,11
2424,19
2424,11
2425,19
2427,19
2428,19
2429,19
2430,19
2431,19
2432,19
2433,19
2434,19
2435,19
2436,13
2436,12
2436,11
2436,7
2437,19
2438,19
2439,19
2440,2
2440,19
2441,19
2442,19
2443,19
2444,2
2444,19
2445,19
2446,19
2447,2
2447,19
2448,19
2449,2
2449,19
2450,19
2451,2
2451,19
2452,19
2453,19
2454,47
2454,13
2454,2
2454,17
2454,5
2454,12
2454,18
2454,11
2454,80
2454,9
2456,47
2456,2
2456,19
2456,9
2457,7
2458,2
2458,5
2458,9
2459,13
2459,12
2459,9
2460,2
2460,9
2461,2
2461,36
2461,11
2461,29
2461,9
2465,13
2465,2
2465,5
2465,12
2465,11
2465,34
2465,9
2466,47
2466,2
2466,9
2467,47
2467,2
2467,9
2472,2
2472,9
2475,13
2475,5
2475,12
2475,11
2475,9
2476,12
2479,87
2479,2
2479,19
2480,9
2481,7
2481,9
2483,2
2483,5
2483,9
2484,7
2484,128
2485,7
2485,128
2486,7
2486,128
2487,71
2488,7
2489,2
2489,128
2490,11
2490,7
2490,128
2491,2
2491,17
2491,5
2491,11
2491,71
2491,36
2491,51
2491,7
2491,128
2491,31
2492,13
2492,2
2492,85
2492,12
2492,11
2492,34
2492,7
2493,2
2493,7
2494,1
2494,2
2494,17
2494,21
2494,5
2494,11
2494,7
2495,2
2495,7
2495,128
2496,7
2496,128
2501,7
2502,13
2502,2
2502,17
2502,5
2502,19
2502,11
2502,34
2502,7
2502,9
2503,7
2504,7
2505,7
2505,128
2506,2
2506,7
2506,128
2507,11
2507,51
2507,7
2507,128
2508,7
2510,7
2510,128
2511,7
2511,128
2512,51
2512,7
2512,128
2513,7
2513,128
2514,37
2514,2
2514,124
2515,37
2515,2
2515,12
2516,37
2516,2
2516,9
2517,37
2518,37
2518,2
2519,37
2519,2
2519,162
2520,37
2520,2
2521,37
2522,37
2523,37
2523,3
2523,28
2524,37
2525,37
2525,2
2526,37
2526,2
2526,3
2526,28
2527,37
2528,37
2528,2
2528,3
2529,37
2529,2
2529,3
2529,28
2530,37
2530,2
2531,37
2531,1
2531,2
2531,3
2532,37
2532,2
2532,124
2533,37
2533,2
2534,37
2534,1
2534,2
2534,50
2534,3
2534,12
2534,124
2535,37
2535,2
2536,37
2536,2
2536,3
2537,37
2537,1
2537,2
2537,3
2538,37
2538,2
2538,3
2539,37
2539,2
2539,3
2540,37
2540,3
2540,34
2541,37
2541,2
2542,37
2542,2
2542,3
2543,37
2543,13
2543,2
2543,3
2543,5
2543,12
2543,22
2543,34
2543,20
2544,7
2545,5
2545,12
2546,12
2547,5
2547,12
2547,11
2548,5
2548,12
2549,5
2549,12
2550,2
2550,5
2551,12
2552,5
2552,12
2552,11
2553,13
2553,12
2554,5
2554,12
2555,12
2555,11
2556,12
2557,12
2558,12
2560,12
2562,11
2562,7
2563,7
2564,11
2564,7
2565,18
2567,2
2567,11
2567,7
2570,12
2573,12
2574,12
2576,12
2578,13
2578,2
2578,12
2578,11
2579,13
2579,12
2580,12
2581,12
2582,12
2583,12
2584,12
2585,2
2585,12
2586,12
2587,12
2589,2
2590,5
2590,12
2590,11
2591,13
2591,12
2591,11
2592,13
2592,12
2593,12
2594,18
2595,11
2595,7
2596,12
2597,12
2598,12
2600,1
2600,3
2600,5
2600,41
2601,2
2601,3
2601,5
2601,12
2601,41
2602,2
2602,3
2602,41
2603,2
2603,5
2603,11
2603,41
2604,2
2604,3
2604,41
2605,2
2605,5
2605,41
2605,31
2606,13
2606,5
2606,41
2607,10
2607,2
2607,5
2607,11
2608,19
2609,47
2609,2
2609,5
2609,41
2609,9
2610,2
2610,5
2610,41
2610,8
2611,1
2611,2
2611,3
2611,5
2611,41
2612,48
2612,2
2612,5
2612,11
2612,41
2612,9
2613,41
2614,5
2614,41
2615,41
2616,5
2616,41
2617,5
2617,12
2617,41
2617,8
2618,2
2618,5
2618,34
2618,41
2618,31
2619,3
2619,41
2620,41
2621,12
2621,41
2621,7
2622,5
2622,41
2623,41
2624,7
2625,5
2625,41
2626,5
2626,41
2627,12
2627,7
2628,12
2628,41
2629,2
2629,5
2629,41
2630,12
2631,13
2631,70
2631,12
2631,19
2631,7
2632,2
2632,12
2633,13
2633,12
2633,19
2633,11
2633,7
2634,1
2634,2
2634,12
2634,9
2635,1
2636,12
2637,1
2637,2
2637,3
2637,12
2638,2
2638,12
2638,9
2641,13
2641,12
2642,7
2643,13
2643,12
2643,7
2644,12
2644,7
2645,70
2645,12
2645,41
2646,12
2647,113
2647,12
2648,10
2648,13
2648,12
2648,11
2648,7
2649,12
2649,7
2651,13
2651,2
2651,12
2651,7
2651,124
2653,10
2653,55
2653,114
2653,73
2654,2
2654,28
2655,10
2655,2
2655,13
2655,11
2655,29
2655,20
2655,114
2656,13
2656,12
2656,11
2656,7
2656,73
2657,37
2657,47
2657,10
2657,13
2657,12
2657,11
2657,20
2657,7
2657,73
2658,70
2658,13
2658,12
2658,11
2658,73
2658,7
2659,5
2659,19
2659,73
2660,5
2660,19
2661,2
2661,17
2661,9
2662,19
2663,5
2663,19
2664,2
2664,11
2664,36
2664,34
2664,7
2664,9
2665,7
2666,10
2667,7
2668,2
2668,9
2671,10
2673,10
2674,2
2674,3
2674,28
2674,67
2674,7
2675,10
2676,3
2676,28
2676,7
2677,10
2677,55
2677,11
2679,2
2679,7
2679,73
2680,2
2681,2
2682,12
2684,3
2684,18
2685,3
2685,18
2685,9
2686,18
2686,9
2687,13
2687,12
2687,11
2687,7
2688,1
2688,5
2688,18
2690,18
2691,12
2691,9
2692,18
2693,5
2693,12
2693,18
2694,158
2694,5
2694,18
2694,9
2695,5
2695,18
2695,9
2696,2
2696,18
2696,11
2697,1
2697,2
2697,3
2697,4
2697,5
2697,18
2697,30
2698,5
2698,18
2699,5
2699,18
2699,9
2700,18
2701,5
2701,12
2701,18
2702,5
2702,12
2702,11
2703,12
2704,13
2704,12
2704,11
2705,12
2706,12
2707,13
2707,12
2708,12
2708,11
2709,12
2710,12
2711,2
2711,12
2712,12
2713,12
2714,12
2715,13
2715,12
2715,11
2716,13
2716,12
2716,11
2717,13
2717,12
2717,11
2718,12
2718,11
2719,12
2720,12
2720,11
2721,12
2721,11
2722,12
2722,11
2722,52
2723,13
2723,12
2723,11
2724,11
2725,13
2725,12
2725,11
2726,13
2726,12
2726,11
2727,13
2727,12
2727,19
2727,11
2728,9
2729,12
2729,11
2730,13
2730,2
2730,12
2730,11
2730,7
2731,12
2732,13
2732,12
2732,11
2734,13
2734,12
2737,47
2737,2
2738,7
2740,2
2741,2
2742,18
2743,2
2743,5
2743,18
2744,13
2744,2
2744,5
2744,12
2744,18
2744,11
2744,7
2744,9
2745,18
2747,163
2747,13
2747,2
2747,70
2747,17
2747,5
2747,12
2747,18
2747,11
2747,7
2748,5
2748,18
2749,18
2751,163
2751,13
2751,2
2751,5
2751,12
2751,18
2751,11
2751,7
2752,18
2753,18
2754,18
2755,2
2755,5
2755,18
2756,18
2757,2
2757,5
2757,18
2758,18
2758,164
2760,163
2760,5
2760,18
2761,18
2762,18
2763,7
2764,2
2764,5
2764,12
2764,7
2765,2
2765,5
2765,18
2766,18
2766,9
2767,13
2767,12
2767,11
2768,12
2769,12
2770,13
2770,5
2770,12
2770,11
2770,7
2771,13
2771,5
2771,12
2771,11
2773,13
2773,12
2773,11
2774,12
2775,12
2776,12
2777,12
2778,13
2778,12
2778,11
2779,13
2779,12
2780,12
2781,12
2782,12
2783,12
2784,12
2785,12
2786,12
2787,12
2788,12
2789,12
2790,12
2791,12
2792,12
2793,12
2794,12
2795,12
2796,12
2797,12
2798,5
2798,12
2799,12
2800,12
2800,7
2801,1
2801,13
2801,3
2801,5
2801,22
2801,18
2801,34
2801,2
2801,12
2801,19
2801,28
2801,29
2801,80
2801,30
2801,9
2801,31
2802,37
2802,10
2802,1
2802,3
2802,75
2802,162
2802,126
2802,165
2802,40
2802,34
2802,41
2802,150
2802,2
2802,26
2802,27
2802,12
2802,102
2802,42
2802,19
2802,6
2802,51
2802,7
2802,9
2803,13
2803,12
2803,11
2804,13
2804,2
2804,12
2804,11
2804,7
2805,13
2805,11
2805,7
2806,13
2806,11
2807,7
2808,7
2809,12
2809,7
2810,2
2810,7
2814,7
2815,7
2816,7
2817,7
2818,7
2819,7
2820,7
2821,12
2821,7
2825,7
2826,70
2826,2
2826,12
2827,7
2829,7
2830,7
2831,7
2837,13
2837,2
2837,12
2837,11
2837,7
2837,73
2838,13
2838,12
2838,11
2838,7
2839,2
2839,7
2840,13
2840,2
2840,5
2840,12
2840,11
2841,5
2841,12
2842,11
2842,7
2843,13
2843,12
2843,11
2843,7
2844,13
2844,11
2845,7
2846,12
2846,7
2847,12
2848,7
2849,7
2850,12
2850,11
2851,9
2852,7
2853,7
2854,13
2854,12
2854,19
2855,12
2855,11
2856,12
2858,9
2859,13
2859,12
2860,13
2860,12
2861,9
2863,12
2864,13
2864,2
2864,12
2864,9
2865,9
2866,2
2866,9
2867,9
2868,13
2868,5
2868,12
2868,11
2869,12
2869,18
2869,7
2870,5
2870,9
2872,18
2873,2
2873,28
2873,67
2873,7
2874,48
2874,5
2875,7
2876,7
2877,7
2878,7
2879,12
2879,7
2880,7
2881,7
2882,7
2883,7
2884,7
2885,13
2885,11
2885,7
2886,13
2886,11
2886,7
2887,7
2888,7
2889,7
2890,7
2891,12
2892,7
2893,7
2894,12
2894,7
2895,7
2896,7
2897,7
2898,7
2899,7
2900,13
2900,12
2900,7
2901,7
2902,7
2903,12
2903,7
2904,7
2905,2
2905,1
2905,19
2905,9
2906,81
2906,2
2906,19
2906,9
2907,9
2908,2
2908,9
2909,13
2909,12
2909,11
2909,36
2909,9
2910,2
2910,117
2910,9
2911,13
2911,2
2911,5
2911,12
2911,11
2911,9
2912,2
2912,9
2913,2
2913,9
2915,2
2915,9
2916,13
2916,20
2916,9
2917,2
2917,9
2918,2
2918,9
2919,2
2919,9
2920,2
2920,9
2921,9
2922,37
2922,10
2922,13
2922,12
2922,18
2922,11
2922,36
2922,7
2922,9
2923,2
2923,9
2924,2
2924,9
2925,2
2925,9
2926,2
2926,9
2927,2
2927,9
2928,13
2928,2
2928,12
2928,11
2928,9
2929,2
2929,128
2929,7
2929,9
2930,9
2931,9
2932,2
2932,5
2932,29
2932,9
2933,2
2933,117
2933,9
2934,128
2934,7
2934,9
2935,2
2935,13
2935,17
2935,12
2935,19
2935,57
2935,36
2935,7
2936,13
2936,2
2936,17
2936,16
2936,12
2936,19
2936,57
2936,11
2936,36
2937,19
2938,19
2938,36
2939,13
2939,2
2939,17
2939,19
2940,13
2940,17
2940,19
2941,5
2941,19
2942,17
2942,12
2942,19
2942,36
2943,19
2944,81
2944,5
2944,19
2945,13
2945,12
2945,19
2946,13
2946,5
2946,12
2946,19
2947,5
2947,19
2949,5
2949,19
2950,2
2950,19
2951,5
2951,19
2952,19
2953,2
2953,19
2954,5
2954,19
2954,11
2955,19
2956,13
2956,5
2956,12
2956,19
2957,5
2957,19
2958,5
2958,19
2959,17
2959,16
2959,5
2959,19
2960,70
2960,2
2960,12
2960,11
2960,7
2962,19
2963,19
2964,19
2965,1
2965,2
2965,3
2965,21
2965,19
2965,11
2965,9
2966,2
2966,3
2966,7
2967,13
2967,2
2967,12
2967,11
2967,7
2968,2
2968,3
2968,9
2969,37
2969,47
2969,2
2969,17
2970,3
2970,6
2971,2
2971,3
2971,19
2971,28
2972,51
2972,7
2973,2
2973,3
2973,28
2973,67
2974,1
2974,13
2974,70
2974,3
2974,5
2974,12
2974,9
2975,13
2975,12
2975,11
2975,7
2976,3
2979,2
2979,3
2979,5
2979,18
2980,47
2980,2
2981,7
2982,19
2983,9
2984,10
2985,13
2985,12
2985,7
2986,13
2986,12
2986,9
2987,12
2988,2
2988,3
2988,12
2988,7
2989,10
2989,1
2989,3
2989,7
2990,2
2990,7
2991,70
2991,7
2992,13
2992,19
2993,2
2993,3
2993,28
2993,67
2993,7
2994,85
2994,7
2995,7
2996,10
2997,70
2997,11
2998,7
2999,7
3000,28
3000,7
3001,7
3002,10
3003,2
3003,65
3003,7
3004,7
3005,7
3006,7
3007,10
3007,2
3007,7
3008,13
3008,12
3008,7
3009,18
3010,2
3010,7
3011,13
3011,2
3011,7
3011,73
3012,10
3012,166
3012,65
3012,12
3012,61
3012,7
3012,105
3013,7
3013,9
3014,37
3014,10
3014,2
3014,12
3014,11
3014,7
3014,73
3015,11
3015,7
3015,73
3016,2
3016,7
3016,73
3017,7
3018,1
3018,2
3018,21
3018,7
3018,73
3019,12
3019,28
3019,9
3020,10
3020,12
3021,13
3021,2
3021,12
3021,11
3021,73
3022,7
3023,7
3024,10
3024,2
3024,65
3024,12
3024,11
3024,167
3024,61
3024,73
3024,7
3024,105
3024,9
3025,7
3026,13
3026,5
3026,12
3026,11
3027,7
3028,37
3028,10
3028,1
3028,3
3028,23
3028,99
3028,65
3028,39
3028,34
3028,168
3028,2
3028,27
3028,12
3028,19
3028,80
3028,7
3028,9
3029,7
3030,5
3030,6
3030,7
3032,5
3033,5
3034,13
3034,12
3034,7
3035,13
3035,7
3036,12
3037,12
3038,37
3038,10
3038,3
3038,65
3038,167
3038,61
3038,41
3038,70
3038,2
3038,12
3038,19
3038,6
3038,7
3038,169
3038,111
3038,105
3038,9
3039,10
3040,10
3040,2
3040,1
3040,3
3040,4
3040,12
3040,7
3041,2
3041,12
3041,9
3042,2
3042,9
3043,9
3044,3
3044,9
3045,9
3046,3
3047,2
3047,3
3047,6
3047,9
3048,2
3048,12
3048,18
3049,9
3050,3
3051,18
3052,18
3053,18
3054,18
3055,3
3055,5
3055,18
3055,9
3056,18
3057,3
3057,9
3058,18
3058,9
3059,18
3060,2
3060,18
3061,2
3061,18
3062,12
3062,9
3063,13
3063,2
3063,12
3063,11
3063,9
3064,2
3064,12
3064,7
3064,9
3065,2
3065,28
3065,7
3066,18
3068,2
3068,29
3068,11
3068,9
3069,9
3070,11
3070,9
3071,9
3073,9
3074,9
3075,2
3075,9
3076,13
3076,11
3076,7
3077,9
3078,2
3079,9
3080,5
3080,9
3081,9
3082,9
3083,13
3083,2
3083,70
3083,5
3083,12
3083,11
3084,13
3084,12
3084,11
3084,7
3085,12
3086,12
3087,12
3088,12
3088,11
3089,12
3090,12
3090,11
3091,12
3091,11
3092,13
3092,11
3092,7
3093,1
3093,2
3093,3
3093,5
3093,22
3093,7
3094,13
3094,85
3094,12
3094,11
3094,7
3095,2
3095,3
3095,5
3095,22
3096,13
3096,7
3097,1
3097,3
3097,12
3097,9
3098,1
3098,13
3098,3
3098,34
3098,92
3099,13
3099,2
3099,34
3099,7
3100,13
3100,12
3100,7
3101,13
3101,70
3101,12
3101,7
3103,13
3103,12
3104,7
3105,13
3105,12
3105,11
3105,7
3107,7
3108,13
3108,2
3108,12
3108,11
3108,7
3108,9
3109,70
3109,12
3109,11
3109,7
3110,2
3110,12
3110,7
3111,11
3111,9
3112,13
3112,12
3112,11
3112,7
3112,9
3113,7
3114,7
3115,12
3116,13
3116,12
3117,13
3117,5
3117,12
3117,19
3117,11
3117,36
3117,9
3118,13
3118,9
3119,19
3119,11
3120,13
3120,19
3120,11
3120,36
3121,10
3121,19
3121,11
3122,13
3122,5
3122,12
3122,19
3122,11
3122,36
3122,9
3124,13
3124,12
3124,11
3125,87
3125,1
3125,13
3125,3
3125,5
3125,22
3125,11
3125,34
3125,36
3125,2
3125,17
3125,12
3125,28
3125,7
3125,9
3126,2
3126,7
3127,2
3127,1
3127,3
3127,4
3127,7
3128,2
3128,1
3128,3
3128,83
3128,28
3128,34
3128,30
3129,13
3129,70
3129,12
3129,11
3129,7
3130,12
3131,1
3131,12
3131,7
3132,7
3133,2
3133,7
3135,7
3136,7
3137,3
3137,5
3137,7
3138,1
3138,3
3138,12
3138,9
3139,7
3140,7
3141,70
3141,12
3141,7
3142,13
3142,11
3142,7
3143,2
3143,7
3144,11
3144,7
3145,2
3145,7
3146,2
3146,7
3147,7
3149,2
3149,7
3150,7
3151,87
3151,1
3151,3
3151,24
3151,5
3151,11
3151,34
3151,2
3151,26
3151,12
3151,6
3151,28
3151,29
3151,7
3151,9
3151,59
3152,7
3153,2
3153,34
3153,7
3154,2
3154,7
3155,2
3155,13
3155,17
3155,5
3155,12
3155,11
3156,12
3157,13
3157,2
3157,5
3157,12
3157,11
3158,12
3159,12
3160,12
3161,12
3162,2
3162,12
3163,12
3164,12
3165,12
3166,12
3167,12
3168,12
3169,12
3170,12
3171,12
3172,12
3173,12
3174,12
3175,12
3176,12
3177,2
3177,12
3178,2
3178,12
3179,12
3180,12
3181,12
3182,12
3183,12
3184,2
3184,12
3185,10
3185,13
3185,2
3185,3
3185,5
3185,12
3185,11
3185,72
3185,7
3185,9
3185,45
3186,2
3186,5
3186,9
3187,28
3188,13
3188,12
3188,19
3189,12
3189,9
3190,12
3191,2
3191,3
3191,21
3191,5
3191,9
3192,9
3193,9
3194,13
3194,12
3194,11
3194,9
3195,5
3195,11
3195,9
3196,13
3196,12
3196,11
3196,9
3197,9
3198,13
3198,12
3198,9
3199,13
3199,5
3199,12
3199,9
3200,18
3201,13
3201,12
3201,11
3201,9
3202,13
3202,12
3202,11
3202,9
3203,13
3203,5
3203,12
3203,11
3203,9
3204,12
3205,13
3205,2
3205,12
3205,34
3206,12
3208,9
3209,13
3209,2
3209,12
3209,11
3209,9
3213,12
3214,9
3215,13
3215,70
3215,12
3215,11
3215,7
3215,73
3216,11
3216,7
3217,7
3218,13
3218,70
3218,12
3218,7
3219,13
3219,70
3219,12
3219,7
3220,13
3220,70
3220,12
3220,7
3221,13
3221,70
3221,12
3221,7
3222,13
3222,70
3222,12
3222,7
3223,2
3223,13
3223,11
3223,7
3224,13
3224,12
3224,11
3224,7
3225,13
3225,70
3225,12
3225,11
3225,7
3225,73
3226,13
3226,12
3226,11
3226,7
3227,13
3227,12
3227,11
3227,7
3228,13
3228,12
3228,11
3228,7
3230,13
3230,12
3230,11
3230,7
3231,13
3231,12
3231,11
3231,7
3232,13
3232,12
3232,11
3232,7
3233,13
3233,12
3233,11
3233,7
3234,7
3235,13
3235,12
3235,11
3235,7
3236,13
3236,70
3236,12
3236,11
3236,7
3237,13
3237,12
3237,7
3238,13
3238,12
3238,7
3240,13
3240,12
3240,11
3240,7
3241,13
3241,12
3241,11
3241,7
3242,13
3242,12
3242,11
3242,7
3244,13
3244,12
3244,11
3244,7
3245,10
3245,2
3245,5
3245,83
3245,8
3246,70
3247,10
3247,2
3248,28
3248,7
3249,28
3249,7
3251,10
3252,10
3253,12
3254,28
3255,10
3256,10
3256,61
3257,18
3258,61
3259,2
3259,12
3260,2
3260,8
3260,9
3261,2
3261,3
3261,28
3261,7
3262,2
3262,7
3263,105
3264,26
3264,5
3264,18
3264,8
3265,5
3265,9
3266,2
3266,17
3266,5
3267,2
3267,17
3267,9
3268,89
3269,2
3276,89
3277,89
3278,120
3278,151
3278,65
3278,170
3279,89
3280,89
3281,89
3282,9
3283,2
3283,89
3283,9
3285,89
3286,11
3286,89
3287,89
3288,89
3289,5
3289,12
3290,81
3290,13
3290,2
3290,12
3290,11
3291,81
3291,13
3291,12
3291,11
3292,2
3292,13
3292,12
3292,11
3293,81
3293,13
3293,12
3293,11
3294,2
3294,12
3294,11
3295,2
3295,13
3295,12
3295,11
3296,70
3296,13
3296,12
3298,13
3298,12
3298,11
3299,13
3299,12
3300,12
3301,12
3302,12
3303,12
3304,12
3305,12
3305,11
3306,12
3306,11
3307,12
3308,12
3309,13
3309,12
3309,11
3310,81
3310,13
3310,2
3310,5
3310,12
3310,11
3311,5
3311,12
3312,12
3313,81
3313,13
3313,5
3313,12
3313,19
3314,12
3315,12
3317,13
3319,13
3319,2
3319,5
3319,12
3319,6
3319,11
3319,7
3319,9
3320,2
3320,5
3320,11
3320,9
3321,70
3321,5
3321,12
3322,9
3323,5
3323,19
3324,19
3325,69
3325,5
3325,12
3325,11
3326,10
3326,9
3327,7
3328,2
3328,28
3328,7
3329,37
3329,17
3329,5
3329,11
3329,124
3330,5
3330,11
3330,9
3331,5
3331,11
3331,9
3332,9
3333,19
3334,7
3336,9
3337,19
3338,5
3338,9
3339,2
3339,12
3340,28
3341,12
3342,9
3343,2
3343,18
3344,18
3345,9
3346,9
3347,5
3347,9
3348,5
3348,11
3348,9
3349,7
3349,73
3350,29
3350,7
3351,11
3351,7
3352,7
3353,7
3354,7
3355,7
3356,7
3357,13
3357,7
3358,7
3359,7
3360,7
3361,7
3362,7
3363,7
3366,7
3368,7
3369,7
3372,7
3374,7
3376,7
3377,7
3378,7
3379,13
3379,2
3379,12
3379,11
3380,13
3380,12
3380,11
3381,12
3381,11
3381,110
3382,12
3382,11
3383,12
3383,11
3384,12
3384,11
3385,12
3385,11
3386,12
3386,11
3387,13
3387,12
3387,11
